0.000000e+00 
1.000000e+00 
1.000000e+00 
1.000000e+00 
-9.008353e-01 
-3.589959e-01 
1.000000e+00 
1.000000e+00 
1.000000e+00 
1.000000e+00 
2.063153e-01 
1.575631e+00 
1.546698e+00 
1.177429e+00 
1.000000e+00 
1.000000e+00 
3.874280e+00 
4.340132e+00 
1.000000e+00 
7.777778e-02 
7.777778e-02 
-8.743749e-01 
5.496460e-01 
1.000000e+00 
1.000000e+00 
-1.639092e+00 
8.579380e-01 
2.028944e+00 
1.879666e+00 
1.000000e+00 
1.000000e+00 
3.585568e+00 
3.670266e+00 
-2.000000e-01 
1.333333e-01 
-8.049117e-16 
9.741332e-03 
3.716919e-01 
1.000000e+00 
1.000000e+00 
-1.218196e+00 
1.759670e+00 
3.636548e+00 
3.305178e-01 
1.000000e+00 
1.000000e+00 
5.973799e+00 
4.485654e+00 
-2.000000e-01 
1.333333e-01 
-1.193490e-15 
-3.575548e-01 
-3.597581e+00 
1.000000e+00 
1.000000e+00 
3.009586e-01 
6.524586e-01 
2.285162e+00 
-6.255438e+00 
1.000000e+00 
1.000000e+00 
8.377594e+00 
4.182109e+00 
-2.000000e-01 
1.333333e-01 
-7.771561e-16 
1.000000e+00 
1.000000e+00 
1.000000e+00 
1.000000e+00 
2.208453e+00 
3.590158e+00 
1.000000e+00 
1.000000e+00 
1.000000e+00 
1.000000e+00 
1.364727e+01 
1.422456e+01 
-6.633583e-15 
1.444444e-01 
1.444444e-01 
1.000000e+00 
1.000000e+00 
-7.348198e-01 
-7.148923e-01 
1.000000e+00 
1.000000e+00 
5.198337e-01 
4.644663e-01 
-1.353655e+00 
-6.569918e-01 
4.340905e-01 
2.207456e+00 
-2.000000e-01 
-2.033353e-15 
1.333333e-01 
-1.506975e+00 
1.016538e+00 
-2.043266e+00 
2.960460e-01 
-2.008795e+00 
1.983765e+00 
-3.468168e+00 
1.288739e+00 
-9.492407e-15 
6.537980e-15 
6.411538e-15 
-9.941119e-01 
1.550682e+00 
-2.334357e+00 
2.862334e+00 
-8.352420e-01 
2.182213e+00 
-2.996704e+00 
4.529463e+00 
-8.326673e-16 
4.533411e-16 
-3.386180e-15 
-2.555372e-01 
-5.098778e-01 
-1.060074e+00 
1.583197e+00 
2.486260e-01 
-3.457236e+00 
-2.217793e-01 
2.728914e+00 
-1.221245e-15 
-3.350201e-15 
-3.858025e-15 
1.000000e+00 
1.000000e+00 
2.432570e+00 
5.531727e+00 
1.000000e+00 
1.000000e+00 
5.697256e+00 
9.376986e+00 
2.000000e-01 
-5.800915e-15 
1.333333e-01 
1.000000e+00 
1.000000e+00 
2.599416e-01 
-1.804284e+00 
1.000000e+00 
1.000000e+00 
1.250094e+00 
-1.360945e-01 
-9.223750e-01 
-2.898408e+00 
1.304727e+00 
2.333075e-01 
-2.000000e-01 
-2.619304e-15 
1.333333e-01 
-1.796074e+00 
1.535543e-01 
-1.211966e+00 
-2.677836e+00 
-3.442263e+00 
1.691530e+00 
-4.409405e+00 
-2.100148e+00 
-1.360023e-15 
2.226614e-15 
-4.551914e-15 
-1.787128e+00 
2.405762e+00 
-4.306400e+00 
3.800194e+00 
-3.108337e+00 
4.041438e+00 
-6.902641e+00 
6.039837e+00 
-8.604228e-16 
-1.630383e-15 
1.276756e-15 
-1.536223e+00 
1.728766e+00 
-2.102136e+00 
3.153142e+00 
-6.170037e-01 
7.397676e-01 
-4.064692e+00 
5.784433e+00 
1.498801e-15 
2.391091e-15 
7.216450e-16 
1.000000e+00 
1.000000e+00 
4.737350e-01 
6.909063e+00 
1.000000e+00 
1.000000e+00 
2.750473e+00 
1.204923e+01 
2.000000e-01 
5.551115e-17 
1.333333e-01 
1.000000e+00 
1.000000e+00 
6.944961e-01 
-1.679101e+00 
1.000000e+00 
1.000000e+00 
1.562158e+00 
6.393349e-01 
7.292338e-01 
-3.689150e+00 
2.835417e+00 
2.195839e-01 
-2.000000e-01 
-5.890350e-15 
1.333333e-01 
2.997516e+00 
-1.943984e+00 
3.469659e+00 
-4.002450e+00 
2.259495e-02 
-2.725450e+00 
2.076237e+00 
-6.822987e+00 
-1.471046e-15 
-3.115820e-15 
1.110223e-16 
-1.692044e+00 
-4.863998e-01 
2.687192e+00 
-2.759318e+00 
-7.187034e+00 
5.920151e+00 
-6.803785e+00 
2.326249e+00 
-2.026157e-15 
-1.256197e-15 
-2.720046e-15 
-7.731734e+00 
6.270944e+00 
-1.300286e+01 
6.842538e+00 
-1.467935e+00 
3.728297e+00 
-9.183131e+00 
1.069323e+01 
5.828671e-16 
2.514450e-15 
-4.607426e-15 
1.000000e+00 
1.000000e+00 
-9.446907e+00 
1.018240e+01 
1.000000e+00 
1.000000e+00 
-1.603742e+00 
1.542472e+01 
2.000000e-01 
-6.953286e-15 
1.333333e-01 
1.000000e+00 
1.000000e+00 
1.000000e+00 
1.000000e+00 
1.000000e+00 
1.000000e+00 
1.000000e+00 
1.000000e+00 
2.428366e+00 
-8.870802e-02 
5.658543e+00 
4.559751e+00 
6.383782e-16 
1.444444e-01 
1.444444e-01 
1.000000e+00 
1.000000e+00 
1.000000e+00 
1.000000e+00 
5.412688e+00 
-2.245711e+00 
7.820988e+00 
-2.652503e+00 
2.000000e-01 
1.333333e-01 
-1.598721e-14 
1.000000e+00 
1.000000e+00 
1.000000e+00 
1.000000e+00 
8.868774e+00 
-1.375788e+00 
1.395864e+01 
-3.054076e+00 
2.000000e-01 
1.333333e-01 
-1.415534e-15 
1.000000e+00 
1.000000e+00 
1.000000e+00 
1.000000e+00 
-3.319709e+00 
5.935081e+00 
6.606954e+00 
-2.441202e+00 
2.000000e-01 
1.333333e-01 
6.439294e-15 
1.000000e+00 
1.000000e+00 
1.000000e+00 
1.000000e+00 
1.000000e+00 
1.000000e+00 
-9.968807e+00 
2.243691e+01 
3.333333e-01 
7.777778e-02 
7.777778e-02 
