0.000000e+00 
-9.385414e-03 
-6.288418e-03 
-1.032120e-02 
-6.915413e-03 
-1.135029e-02 
-7.604923e-03 
-1.248198e-02 
-8.363181e-03 
-1.372651e-02 
-6.863256e-03 
-1.372651e-02 
-4.741065e-03 
-1.248198e-02 
-4.311210e-03 
-1.135029e-02 
-3.920329e-03 
-1.032120e-02 
-4.944677e-03 
-6.625836e-03 
1.683058e-02 
-1.059706e-01 
1.014292e+01 
-4.238826e-01 
9.272260e-02 
-3.993750e-01 
2.662500e-01 
-7.987500e-02 
3.708904e-01 
-1.365942e+00 
-2.225072e-01 
1.946902e-01 
8.654051e-01 
-4.661463e-01 
-1.148387e-15 
-3.859760e-15 
8.708312e-16 
4.078705e-01 
-1.953446e-01 
-2.446926e-01 
2.141021e-01 
9.092165e-01 
-5.126240e-01 
-1.960238e-15 
-4.145989e-15 
3.382711e-16 
4.485377e-01 
-1.723468e-01 
-2.690900e-01 
2.354494e-01 
9.573962e-01 
-5.637358e-01 
1.922074e-15 
-3.885781e-15 
2.584738e-16 
4.932597e-01 
-1.470560e-01 
-2.959199e-01 
2.589251e-01 
1.010380e+00 
-6.199438e-01 
6.682155e-15 
-4.087009e-15 
-9.818535e-16 
5.424408e-01 
-1.338102e-01 
-3.099719e-01 
2.712204e-01 
1.010380e+00 
-6.199438e-01 
-1.019670e-14 
-3.854556e-15 
1.791969e-15 
5.424408e-01 
-1.470560e-01 
-2.959199e-01 
2.589251e-01 
9.573962e-01 
-5.637358e-01 
4.479056e-15 
-4.159867e-15 
1.011344e-15 
4.932597e-01 
-1.723468e-01 
-2.690900e-01 
2.354494e-01 
9.092165e-01 
-5.126240e-01 
1.103631e-14 
-4.184153e-15 
2.286366e-15 
4.485377e-01 
-1.953446e-01 
-2.446926e-01 
2.141021e-01 
8.654051e-01 
-4.661463e-01 
-2.251671e-15 
-4.078335e-15 
1.543904e-15 
4.078705e-01 
-1.365942e+00 
-2.473434e-01 
-9.564287e-01 
1.014292e+01 
-3.742102e-01 
3.993750e-01 
2.662500e-01 
7.987500e-02 
9.691109e+00 
-6.625836e-03 
3.573049e-01 
-1.368124e-02 
5.875650e+00 
-8.980379e-01 
-5.472497e-02 
-9.633787e-01 
-1.318217e-01 
-2.872659e-02 
1.449350e-01 
-4.139240e-01 
-6.018139e-02 
-2.487291e-01 
-2.172797e-01 
-3.159081e-02 
1.381485e-01 
-4.551948e-01 
-6.618185e-02 
-2.522916e-01 
-2.389438e-01 
-3.474061e-02 
1.306853e-01 
-5.005806e-01 
-7.278059e-02 
-2.562092e-01 
-2.627680e-01 
-3.820447e-02 
1.224780e-01 
-5.504916e-01 
-8.003727e-02 
-2.582610e-01 
-2.752458e-01 
-4.001864e-02 
1.224780e-01 
-5.504916e-01 
-8.003727e-02 
-2.562092e-01 
-2.627680e-01 
-3.820447e-02 
1.306853e-01 
-5.005806e-01 
-7.278059e-02 
-2.522916e-01 
-2.389438e-01 
-3.474061e-02 
1.381485e-01 
-4.551948e-01 
-6.618185e-02 
-2.487291e-01 
-2.172797e-01 
-3.159081e-02 
1.449350e-01 
-4.139240e-01 
-6.018139e-02 
-9.633787e-01 
-1.483792e-01 
-8.123521e-01 
5.875650e+00 
-8.649230e-01 
6.191347e+00 
4.235347e-01 
-9.839563e-01 
-1.201261e-13 
1.082301e+01 
5.837603e-01 
-4.655922e-01 
3.058422e-01 
9.105184e-03 
-2.011724e-13 
-1.725626e+00 
-3.922913e-01 
-2.193246e-13 
4.260000e-01 
-5.268408e-01 
-2.702699e-15 
5.377643e-17 
-2.154527e-15 
4.298784e-13 
-4.260000e-01 
-2.765527e-01 
-6.395301e-13 
4.260000e-01 
-5.793701e-01 
-4.735795e-15 
-1.214306e-16 
8.378714e-16 
-5.396794e-13 
-4.260000e-01 
-3.041268e-01 
1.710160e-13 
4.260000e-01 
-6.371370e-01 
-1.075529e-15 
-1.082467e-15 
-6.574602e-16 
-2.592371e-13 
-4.260000e-01 
-3.344501e-01 
-4.396761e-13 
4.260000e-01 
-7.006635e-01 
-7.008283e-16 
-1.033895e-15 
-7.042977e-16 
-2.596812e-13 
-4.260000e-01 
-3.503317e-01 
-3.589629e-13 
4.260000e-01 
-7.006635e-01 
-2.369632e-15 
-1.353084e-16 
5.429684e-16 
-2.396972e-13 
-4.260000e-01 
-3.344501e-01 
-4.195116e-13 
4.260000e-01 
-6.371370e-01 
5.932754e-16 
-2.428613e-17 
-4.874573e-16 
-2.692291e-13 
-4.260000e-01 
-3.041268e-01 
2.905037e-13 
4.260000e-01 
-5.793701e-01 
6.557255e-16 
-1.873501e-16 
5.377643e-16 
-5.297984e-13 
-4.260000e-01 
-2.765527e-01 
-6.397660e-13 
4.260000e-01 
-5.268408e-01 
-3.642919e-16 
-5.377643e-17 
-4.544976e-16 
4.298784e-13 
-1.725626e+00 
-4.171275e-01 
-1.157509e+00 
1.082301e+01 
6.334327e-01 
4.929078e-01 
3.331578e-01 
9.105184e-03 
9.331994e+00 
-8.846115e-01 
1.138464e-13 
3.607763e+00 
2.659147e+00 
6.472600e-14 
-5.752237e-01 
-4.868826e-01 
-3.747003e-14 
1.420037e-01 
-2.824245e-01 
-2.051137e-14 
-1.420037e-01 
-1.482521e-01 
-1.108176e-13 
1.420037e-01 
-3.105840e-01 
1.387779e-16 
-1.420037e-01 
-1.630338e-01 
-5.083781e-14 
1.420037e-01 
-3.415512e-01 
-4.973799e-14 
-1.420037e-01 
-1.792893e-01 
-1.234672e-13 
1.420037e-01 
-3.756059e-01 
-1.992850e-14 
-1.420037e-01 
-1.878030e-01 
-1.057314e-13 
1.420037e-01 
-3.756059e-01 
-3.014256e-14 
-1.420037e-01 
-1.792893e-01 
-1.143148e-13 
1.420037e-01 
-3.415512e-01 
-3.974598e-14 
-1.420037e-01 
-1.630338e-01 
-3.271342e-14 
1.420037e-01 
-3.105840e-01 
-9.853229e-15 
-1.420037e-01 
-1.482521e-01 
-1.398603e-13 
1.420037e-01 
-2.824245e-01 
-2.051137e-14 
-5.752237e-01 
-4.882624e-01 
-8.028775e-02 
3.607763e+00 
2.661907e+00 
5.487906e-01 
-3.961524e-01 
4.295175e-14 
3.608046e+00 
3.354881e+00 
-1.597667e-01 
1.065111e-01 
-2.666530e-11 
-2.980949e-14 
-5.752687e-01 
-4.915992e-01 
-2.332856e-14 
1.420148e-01 
-1.222319e-01 
1.561251e-16 
5.063658e-15 
-1.026956e-15 
1.015854e-14 
-1.420148e-01 
-6.416277e-02 
-4.746203e-15 
1.420148e-01 
-1.344192e-01 
-1.519618e-15 
4.798245e-15 
-1.302777e-15 
-3.980150e-14 
-1.420148e-01 
-7.056020e-02 
-4.898859e-14 
1.420148e-01 
-1.478216e-01 
-1.755540e-15 
5.780099e-15 
1.372166e-15 
3.019807e-14 
-1.420148e-01 
-7.759549e-02 
1.582068e-14 
1.420148e-01 
-1.625604e-01 
2.949030e-16 
7.036038e-15 
-1.117162e-15 
6.999956e-14 
-1.420148e-01 
-8.128018e-02 
4.379830e-14 
1.420148e-01 
-1.625604e-01 
-4.822531e-16 
6.907669e-15 
-8.829742e-16 
5.961898e-14 
-1.420148e-01 
-7.759549e-02 
-7.494005e-16 
1.420148e-01 
-1.478216e-01 
2.046974e-16 
7.025630e-15 
-7.615436e-16 
2.015055e-14 
-1.420148e-01 
-7.056020e-02 
-5.992429e-14 
1.420148e-01 
-1.344192e-01 
1.904726e-15 
5.731526e-15 
-2.567391e-16 
-2.009504e-14 
-1.420148e-01 
-6.416277e-02 
-1.972034e-14 
1.420148e-01 
-1.222319e-01 
-1.044304e-15 
4.969983e-15 
-2.844947e-16 
2.031708e-14 
-5.752687e-01 
-4.915992e-01 
-2.504941e-14 
3.608046e+00 
3.354881e+00 
1.597667e-01 
1.065111e-01 
2.666713e-11 
-2.686740e-14 
4.976575e-14 
9.228729e-15 
1.804023e+00 
1.568178e+00 
3.608225e-16 
-2.876343e-01 
-3.031543e-01 
3.306036e-14 
7.100741e-02 
-1.812723e-01 
9.825474e-15 
-7.100741e-02 
-9.515463e-02 
-9.044848e-15 
7.100741e-02 
-1.993463e-01 
-2.034484e-14 
-7.100741e-02 
-1.046421e-01 
-5.929285e-15 
7.100741e-02 
-2.192223e-01 
-3.028133e-14 
-7.100741e-02 
-1.150756e-01 
3.035766e-15 
7.100741e-02 
-2.410801e-01 
1.182388e-14 
-7.100741e-02 
-1.205401e-01 
3.795228e-14 
7.100741e-02 
-2.410801e-01 
1.182388e-14 
-7.100741e-02 
-1.150756e-01 
-1.821113e-14 
7.100741e-02 
-2.192223e-01 
-3.028133e-14 
-7.100741e-02 
-1.046421e-01 
3.001072e-15 
7.100741e-02 
-1.993463e-01 
-2.006728e-14 
-7.100741e-02 
-9.515463e-02 
2.190262e-14 
7.100741e-02 
-1.812723e-01 
9.880985e-15 
-2.876343e-01 
-3.031543e-01 
2.904621e-14 
1.804023e+00 
1.568178e+00 
-1.496026e-14 
-1.307288e-14 
6.511458e-14 
3.608046e+00 
3.354881e+00 
-1.597667e-01 
1.065111e-01 
-1.451964e-15 
2.059464e-14 
-5.752687e-01 
-4.915992e-01 
-7.444045e-14 
1.420148e-01 
-1.222319e-01 
9.575674e-16 
3.051379e-15 
-2.088607e-15 
-5.018208e-14 
-1.420148e-01 
-6.416277e-02 
-8.321122e-14 
1.420148e-01 
-1.344192e-01 
-1.051242e-15 
3.854556e-15 
-9.072604e-16 
4.002354e-14 
-1.420148e-01 
-7.056020e-02 
8.221201e-14 
1.420148e-01 
-1.478216e-01 
1.561251e-16 
-5.946632e-15 
4.770490e-16 
2.964295e-14 
-1.420148e-01 
-7.759549e-02 
-4.121703e-15 
1.420148e-01 
-1.625604e-01 
-1.040834e-15 
-5.939693e-15 
-1.526557e-16 
2.964295e-14 
-1.420148e-01 
-8.128018e-02 
1.752765e-14 
1.420148e-01 
-1.625604e-01 
-1.387779e-17 
3.937822e-15 
-1.561251e-17 
2.992051e-14 
-1.420148e-01 
-7.759549e-02 
6.494805e-15 
1.420148e-01 
-1.478216e-01 
-9.069134e-15 
-5.880713e-15 
3.139849e-16 
2.942091e-14 
-1.420148e-01 
-7.056020e-02 
8.004708e-14 
1.420148e-01 
-1.344192e-01 
-1.283695e-16 
2.775558e-15 
-1.526557e-16 
3.025358e-14 
-1.420148e-01 
-6.416277e-02 
-9.107992e-14 
1.420148e-01 
-1.222319e-01 
-1.040834e-16 
3.998538e-15 
2.775558e-17 
-6.022960e-14 
-5.752687e-01 
-4.915992e-01 
-7.420453e-14 
3.608046e+00 
3.354881e+00 
1.597667e-01 
1.065111e-01 
2.740863e-15 
2.381428e-14 
6.283862e-14 
-4.305584e-14 
1.804023e+00 
1.568178e+00 
-3.175238e-14 
-2.876343e-01 
-3.031543e-01 
-5.001555e-14 
7.100741e-02 
-1.812723e-01 
2.012279e-14 
-7.100741e-02 
-9.515463e-02 
-5.111536e-14 
7.100741e-02 
-1.993463e-01 
-6.014633e-14 
-7.100741e-02 
-1.046421e-01 
2.306141e-14 
7.100741e-02 
-2.192223e-01 
-4.979350e-14 
-7.100741e-02 
-1.150756e-01 
-2.425490e-14 
7.100741e-02 
-2.410801e-01 
7.588374e-14 
-7.100741e-02 
-1.205401e-01 
-3.720288e-14 
7.100741e-02 
-2.410801e-01 
6.583623e-14 
-7.100741e-02 
-1.150756e-01 
-2.738434e-14 
7.100741e-02 
-2.192223e-01 
-4.979350e-14 
-7.100741e-02 
-1.046421e-01 
3.514897e-14 
7.100741e-02 
-1.993463e-01 
4.982126e-14 
-7.100741e-02 
-9.515463e-02 
-3.222422e-14 
7.100741e-02 
-1.812723e-01 
9.686696e-15 
-2.876343e-01 
-3.031543e-01 
-4.424933e-14 
1.804023e+00 
1.568178e+00 
-8.215650e-15 
-5.107026e-14 
1.181000e-14 
3.608046e+00 
3.354881e+00 
-1.597667e-01 
1.065111e-01 
6.666842e-11 
6.533662e-14 
-5.752687e-01 
-4.915992e-01 
-4.957146e-14 
1.420148e-01 
-1.222319e-01 
6.002143e-16 
-2.083403e-15 
-1.890849e-15 
-9.975354e-14 
-1.420148e-01 
-6.416277e-02 
-4.234113e-14 
1.420148e-01 
-1.344192e-01 
-2.050443e-15 
-2.223915e-15 
2.064321e-16 
4.002354e-14 
-1.420148e-01 
-7.056020e-02 
-8.414103e-14 
1.420148e-01 
-1.478216e-01 
4.510281e-17 
-1.089406e-15 
-3.295975e-17 
3.885781e-16 
-1.420148e-01 
-7.759549e-02 
2.928213e-15 
1.420148e-01 
-1.625604e-01 
9.610368e-16 
-1.942890e-15 
1.561251e-16 
2.953193e-14 
-1.420148e-01 
-8.128018e-02 
1.959544e-14 
1.420148e-01 
-1.625604e-01 
-1.387779e-17 
-2.085138e-15 
1.266348e-16 
2.958744e-14 
-1.420148e-01 
-7.759549e-02 
4.191092e-15 
1.420148e-01 
-1.478216e-01 
6.453171e-16 
-8.847090e-16 
2.341877e-16 
-5.551115e-17 
-1.420148e-01 
-7.056020e-02 
-6.016021e-14 
1.420148e-01 
-1.344192e-01 
1.876971e-15 
-1.221245e-15 
1.155326e-15 
4.990452e-14 
-1.420148e-01 
-6.416277e-02 
-3.828882e-14 
1.420148e-01 
-1.222319e-01 
-8.257284e-16 
-1.941156e-15 
-7.875645e-16 
-9.003909e-14 
-5.752687e-01 
-4.915992e-01 
3.906597e-14 
3.608046e+00 
3.354881e+00 
1.597667e-01 
1.065111e-01 
-6.666741e-11 
5.251355e-14 
2.178813e-14 
-6.970813e-14 
4.960569e+00 
4.439514e+00 
-5.573320e-14 
-7.909157e-01 
-7.666879e-01 
4.700407e-14 
1.952509e-01 
-3.582887e-01 
-5.551115e-16 
-1.952509e-01 
-1.880752e-01 
5.190293e-15 
1.952509e-01 
-3.940123e-01 
9.658940e-15 
-1.952509e-01 
-2.068275e-01 
6.195044e-14 
1.952509e-01 
-4.332978e-01 
1.998401e-14 
-1.952509e-01 
-2.274495e-01 
3.691492e-14 
1.952509e-01 
-4.765003e-01 
1.277867e-13 
-1.952509e-01 
-2.382501e-01 
-2.215450e-13 
1.952509e-01 
-4.765003e-01 
4.007905e-14 
-1.952509e-01 
-2.274495e-01 
-7.172041e-14 
1.952509e-01 
-4.332978e-01 
2.042810e-14 
-1.952509e-01 
-2.068275e-01 
5.426215e-14 
1.952509e-01 
-3.940123e-01 
1.992850e-13 
-1.952509e-01 
-1.880752e-01 
-1.139366e-14 
1.952509e-01 
-3.582887e-01 
9.003909e-14 
-7.909157e-01 
-7.666879e-01 
5.541401e-14 
4.960569e+00 
4.439514e+00 
-7.172041e-14 
1.776357e-14 
4.407030e-13 
1.623423e+01 
1.484022e+01 
-7.188625e-01 
4.792417e-01 
-5.653464e-15 
-2.975398e-13 
-2.588394e+00 
-2.345734e+00 
3.314016e-13 
6.389889e-01 
-8.302975e-01 
-3.202300e-15 
1.073794e-15 
8.170548e-15 
2.016165e-13 
-6.389889e-01 
-4.358452e-01 
-3.949618e-14 
6.389889e-01 
-9.130834e-01 
1.741662e-15 
2.428613e-17 
2.272488e-16 
9.008350e-13 
-6.389889e-01 
-4.793017e-01 
-3.921863e-14 
6.389889e-01 
-1.004123e+00 
3.531897e-15 
1.040834e-16 
6.054185e-16 
-4.014566e-13 
-6.389889e-01 
-5.270911e-01 
3.824718e-14 
6.389889e-01 
-1.104241e+00 
-5.186823e-15 
2.095546e-15 
1.085590e-14 
-5.984102e-13 
-6.389889e-01 
-5.521204e-01 
-4.590217e-13 
6.389889e-01 
-1.104241e+00 
-1.118203e-14 
1.148387e-15 
1.152030e-14 
-4.984901e-13 
-6.389889e-01 
-5.270911e-01 
3.827494e-14 
6.389889e-01 
-1.004123e+00 
1.203898e-15 
9.988538e-15 
3.217912e-15 
-2.002842e-13 
-6.389889e-01 
-4.793017e-01 
1.612321e-13 
6.389889e-01 
-9.130834e-01 
3.972517e-15 
1.054712e-15 
1.066855e-14 
8.009149e-13 
-6.389889e-01 
-4.358452e-01 
7.027712e-14 
6.389889e-01 
-8.302975e-01 
-1.063385e-14 
1.979319e-15 
1.488393e-15 
2.016165e-13 
-2.588394e+00 
-2.345734e+00 
3.216871e-13 
1.623423e+01 
1.484022e+01 
7.188625e-01 
4.792417e-01 
9.874046e-15 
-1.962874e-13 
4.498624e-13 
-5.505318e-14 
8.117115e+00 
7.310849e+00 
1.501022e-13 
-1.294197e+00 
-1.230222e+00 
-8.144874e-14 
3.194944e-01 
-5.353051e-01 
-2.314815e-13 
-3.194944e-01 
-2.809959e-01 
-4.246603e-15 
3.194944e-01 
-5.886783e-01 
-1.704192e-13 
-3.194944e-01 
-3.090129e-01 
-4.229950e-14 
3.194944e-01 
-6.473732e-01 
1.021405e-14 
-3.194944e-01 
-3.398234e-01 
4.801715e-14 
3.194944e-01 
-7.119204e-01 
1.602052e-13 
-3.194944e-01 
-3.559602e-01 
-1.826872e-13 
3.194944e-01 
-7.119204e-01 
5.095924e-14 
-3.194944e-01 
-3.398234e-01 
-1.711964e-13 
3.194944e-01 
-6.473732e-01 
9.992007e-15 
-3.194944e-01 
-3.090129e-01 
-1.428024e-13 
3.194944e-01 
-5.886783e-01 
-2.703393e-13 
-3.194944e-01 
-2.809959e-01 
-2.166739e-13 
3.194944e-01 
-5.353051e-01 
-1.411093e-13 
-1.294197e+00 
-1.230222e+00 
-8.414103e-14 
8.117115e+00 
7.310849e+00 
3.592682e-13 
-3.697043e-14 
-8.402723e-13 
1.623423e+01 
1.484022e+01 
-7.188625e-01 
4.792417e-01 
4.116499e-15 
-8.983925e-13 
-2.588394e+00 
-2.345734e+00 
-1.486866e-13 
6.389889e-01 
-8.302975e-01 
1.890849e-15 
-9.084747e-15 
-1.696560e-15 
-4.973799e-13 
-6.389889e-01 
-4.358452e-01 
-4.207745e-13 
6.389889e-01 
-9.130834e-01 
-1.686151e-15 
-3.469447e-18 
8.567799e-15 
-1.110223e-15 
-6.389889e-01 
-4.793017e-01 
-2.295109e-13 
6.389889e-01 
-1.004123e+00 
-5.585810e-15 
-1.113692e-14 
9.223525e-15 
2.000622e-13 
-6.389889e-01 
-5.270911e-01 
1.385836e-13 
6.389889e-01 
-1.104241e+00 
-2.005340e-15 
-9.950374e-15 
8.760354e-15 
1.110223e-15 
-6.389889e-01 
-5.521204e-01 
-4.502787e-13 
6.389889e-01 
-1.104241e+00 
-1.009609e-15 
-1.114733e-14 
7.315329e-15 
1.110223e-15 
-6.389889e-01 
-5.270911e-01 
3.805289e-14 
6.389889e-01 
-1.004123e+00 
8.569534e-16 
-1.734723e-17 
-1.278491e-15 
3.994582e-13 
-6.389889e-01 
-4.793017e-01 
-2.295664e-13 
6.389889e-01 
-9.130834e-01 
5.207640e-15 
-8.992806e-15 
6.713380e-15 
-1.776357e-15 
-6.389889e-01 
-4.358452e-01 
-4.095890e-13 
6.389889e-01 
-8.302975e-01 
-2.598616e-15 
-2.005861e-14 
8.885254e-15 
-4.969358e-13 
-2.588394e+00 
-2.345734e+00 
-1.581513e-13 
1.623423e+01 
1.484022e+01 
7.188625e-01 
4.792417e-01 
-5.891121e-15 
-7.989165e-13 
-7.502887e-13 
-1.008915e-14 
8.117115e+00 
7.310849e+00 
2.009504e-14 
-1.294197e+00 
-1.230222e+00 
4.281436e-13 
3.194944e-01 
-5.353051e-01 
5.294654e-13 
-3.194944e-01 
-2.809959e-01 
-1.055128e-13 
3.194944e-01 
-5.886783e-01 
4.992673e-13 
-3.194944e-01 
-3.090129e-01 
-9.992007e-14 
3.194944e-01 
-6.473732e-01 
-8.437695e-15 
-3.194944e-01 
-3.398234e-01 
-4.385381e-15 
3.194944e-01 
-7.119204e-01 
1.488809e-13 
-3.194944e-01 
-3.559602e-01 
-1.220690e-13 
3.194944e-01 
-7.119204e-01 
2.964295e-14 
-3.194944e-01 
-3.398234e-01 
9.514611e-14 
3.194944e-01 
-6.473732e-01 
9.103829e-14 
-3.194944e-01 
-3.090129e-01 
-9.274526e-14 
3.194944e-01 
-5.886783e-01 
4.097833e-13 
-3.194944e-01 
-2.809959e-01 
-8.655576e-14 
3.194944e-01 
-5.353051e-01 
4.292122e-13 
-1.294197e+00 
-1.230222e+00 
3.559375e-13 
8.117115e+00 
7.310849e+00 
-8.049117e-14 
-1.396661e-13 
-5.200562e-13 
1.623423e+01 
1.484022e+01 
-7.188625e-01 
4.792417e-01 
-2.378306e-15 
-2.975398e-13 
-2.588394e+00 
-2.345734e+00 
3.207712e-13 
6.389889e-01 
-8.302975e-01 
-4.822531e-16 
-4.893655e-15 
2.879641e-16 
2.018385e-13 
-6.389889e-01 
-4.358452e-01 
7.976952e-14 
6.389889e-01 
-9.130834e-01 
-4.808653e-15 
2.966377e-15 
1.132948e-14 
-3.008704e-13 
-6.389889e-01 
-4.793017e-01 
1.602052e-13 
6.389889e-01 
-1.004123e+00 
-2.685352e-15 
2.074729e-15 
1.660130e-15 
-2.002842e-13 
-6.389889e-01 
-5.270911e-01 
2.307599e-13 
6.389889e-01 
-1.104241e+00 
8.246875e-15 
4.121703e-15 
2.532696e-16 
-3.970158e-13 
-6.389889e-01 
-5.521204e-01 
-5.588308e-13 
6.389889e-01 
-1.104241e+00 
-4.853756e-15 
4.118234e-15 
-1.012905e-14 
-4.989342e-13 
-6.389889e-01 
-5.270911e-01 
2.381428e-13 
6.389889e-01 
-1.004123e+00 
5.866835e-15 
2.022688e-15 
2.385245e-15 
-3.015366e-13 
-6.389889e-01 
-4.793017e-01 
1.599276e-13 
6.389889e-01 
-9.130834e-01 
3.087808e-16 
3.025358e-15 
1.425943e-15 
-3.017586e-13 
-6.389889e-01 
-4.358452e-01 
7.918666e-14 
6.389889e-01 
-8.302975e-01 
-4.472117e-15 
5.254477e-15 
2.321060e-15 
2.018385e-13 
-2.588394e+00 
-2.345734e+00 
4.314049e-13 
1.623423e+01 
1.484022e+01 
7.188625e-01 
4.792417e-01 
1.248307e-14 
-2.970957e-13 
-3.692602e-13 
5.540013e-14 
8.117115e+00 
7.310849e+00 
1.593170e-13 
-1.294197e+00 
-1.230222e+00 
2.206429e-13 
3.194944e-01 
-5.353051e-01 
-3.407274e-13 
-3.194944e-01 
-2.809959e-01 
-2.910311e-13 
3.194944e-01 
-5.886783e-01 
-2.703393e-13 
-3.194944e-01 
-3.090129e-01 
-1.106892e-13 
3.194944e-01 
-6.473732e-01 
8.992806e-14 
-3.194944e-01 
-3.398234e-01 
-3.158585e-14 
3.194944e-01 
-7.119204e-01 
-5.984102e-14 
-3.194944e-01 
-3.559602e-01 
-3.924638e-14 
3.194944e-01 
-7.119204e-01 
1.898481e-14 
-3.194944e-01 
-3.398234e-01 
4.196643e-14 
3.194944e-01 
-6.473732e-01 
1.794120e-13 
-3.194944e-01 
-3.090129e-01 
-1.083994e-13 
3.194944e-01 
-5.886783e-01 
-3.708145e-13 
-3.194944e-01 
-2.809959e-01 
-9.221790e-14 
3.194944e-01 
-5.353051e-01 
-4.306555e-13 
-1.294197e+00 
-1.230222e+00 
2.500361e-13 
8.117115e+00 
7.310849e+00 
-3.097522e-14 
-4.474199e-14 
1.902367e-13 
1.623423e+01 
1.484022e+01 
-7.188625e-01 
4.792417e-01 
6.670012e-15 
3.026468e-13 
-2.588394e+00 
-2.345734e+00 
-8.381074e-13 
6.389889e-01 
-8.302975e-01 
-3.712308e-16 
-2.923009e-15 
7.892992e-15 
-2.997602e-13 
-6.389889e-01 
-4.358452e-01 
-2.895184e-13 
6.389889e-01 
-9.130834e-01 
-1.468964e-14 
-4.069661e-15 
8.331877e-15 
-8.006928e-13 
-6.389889e-01 
-4.793017e-01 
-3.003153e-13 
6.389889e-01 
-1.004123e+00 
-1.245531e-14 
-3.906597e-15 
5.499073e-16 
-3.987921e-13 
-6.389889e-01 
-5.270911e-01 
-3.401168e-13 
6.389889e-01 
-1.104241e+00 
-3.410466e-15 
-1.278144e-14 
-1.245531e-15 
-5.977441e-13 
-6.389889e-01 
-5.521204e-01 
5.956347e-14 
6.389889e-01 
-1.104241e+00 
-3.299444e-15 
-1.306247e-14 
7.801051e-15 
-3.983480e-13 
-6.389889e-01 
-5.270911e-01 
-2.390310e-13 
6.389889e-01 
-1.004123e+00 
-1.544945e-14 
-3.944761e-15 
9.657206e-15 
-2.993161e-13 
-6.389889e-01 
-4.793017e-01 
-3.015088e-13 
6.389889e-01 
-9.130834e-01 
8.673617e-17 
5.981327e-15 
7.504414e-15 
-8.004708e-13 
-6.389889e-01 
-4.358452e-01 
-3.893552e-13 
6.389889e-01 
-8.302975e-01 
-5.526829e-15 
-1.292542e-14 
-2.324529e-16 
6.004086e-13 
-2.588394e+00 
-2.345734e+00 
-2.781109e-14 
1.623423e+01 
1.484022e+01 
7.188625e-01 
4.792417e-01 
1.658396e-15 
2.027267e-13 
3.510525e-13 
3.508305e-14 
8.117115e+00 
7.310849e+00 
-2.896572e-13 
-1.294197e+00 
-1.230222e+00 
3.475414e-13 
3.194944e-01 
-5.353051e-01 
2.895462e-13 
-3.194944e-01 
-2.809959e-01 
-6.498968e-14 
3.194944e-01 
-5.886783e-01 
3.592682e-13 
-3.194944e-01 
-3.090129e-01 
9.969803e-14 
3.194944e-01 
-6.473732e-01 
2.964295e-14 
-3.194944e-01 
-3.398234e-01 
7.865930e-14 
3.194944e-01 
-7.119204e-01 
2.698952e-13 
-3.194944e-01 
-3.559602e-01 
-1.272871e-13 
3.194944e-01 
-7.119204e-01 
5.051515e-14 
-3.194944e-01 
-3.398234e-01 
-2.172706e-13 
3.194944e-01 
-6.473732e-01 
9.880985e-15 
-3.194944e-01 
-3.090129e-01 
7.090162e-14 
3.194944e-01 
-5.886783e-01 
3.592682e-13 
-3.194944e-01 
-2.809959e-01 
-7.545353e-14 
3.194944e-01 
-5.353051e-01 
2.993161e-13 
-1.294197e+00 
-1.230222e+00 
3.665956e-13 
8.117115e+00 
7.310849e+00 
-2.896572e-13 
-5.606626e-14 
3.609613e-13 
1.623423e+01 
1.484022e+01 
-7.188625e-01 
4.792417e-01 
4.005477e-15 
3.033129e-13 
-2.588394e+00 
-2.345734e+00 
8.246182e-14 
6.389889e-01 
-8.302975e-01 
-1.860664e-14 
-1.186030e-14 
-1.987993e-15 
6.004086e-13 
-6.389889e-01 
-4.358452e-01 
6.208367e-13 
6.389889e-01 
-9.130834e-01 
-1.457862e-14 
-1.293757e-14 
-9.662410e-16 
-9.008350e-13 
-6.389889e-01 
-4.793017e-01 
-3.907152e-13 
6.389889e-01 
-1.004123e+00 
-2.907397e-15 
-1.394024e-14 
-6.713380e-16 
-3.992362e-13 
-6.389889e-01 
-5.270911e-01 
-3.199385e-13 
6.389889e-01 
-1.104241e+00 
-2.189221e-15 
-2.900458e-15 
-9.124645e-16 
-4.982681e-13 
-6.389889e-01 
-5.521204e-01 
6.941669e-14 
6.389889e-01 
-1.104241e+00 
-1.473474e-14 
-1.295145e-14 
-1.413800e-15 
-3.970158e-13 
-6.389889e-01 
-5.270911e-01 
-3.294309e-13 
6.389889e-01 
-1.004123e+00 
-5.346418e-15 
-4.263950e-15 
9.490672e-15 
-2.993161e-13 
-6.389889e-01 
-4.793017e-01 
-2.904343e-13 
6.389889e-01 
-9.130834e-01 
-2.256181e-14 
-2.831069e-15 
-1.734723e-17 
-9.012791e-13 
-6.389889e-01 
-4.358452e-01 
-3.805012e-13 
6.389889e-01 
-8.302975e-01 
-6.526030e-15 
-1.309196e-14 
-1.009609e-15 
-3.996803e-13 
-2.588394e+00 
-2.345734e+00 
-1.128070e-12 
1.623423e+01 
1.484022e+01 
7.188625e-01 
4.792417e-01 
-4.003742e-15 
3.035350e-13 
1.907363e-13 
-2.872702e-15 
8.117115e+00 
7.310849e+00 
4.095613e-13 
-1.294197e+00 
-1.230222e+00 
2.439715e-13 
3.194944e-01 
-5.353051e-01 
-1.103562e-13 
-3.194944e-01 
-2.809959e-01 
-2.137179e-15 
3.194944e-01 
-5.886783e-01 
-1.200151e-13 
-3.194944e-01 
-3.090129e-01 
1.121325e-14 
3.194944e-01 
-6.473732e-01 
-5.029310e-14 
-3.194944e-01 
-3.398234e-01 
8.121281e-14 
3.194944e-01 
-7.119204e-01 
1.908473e-13 
-3.194944e-01 
-3.559602e-01 
5.057066e-14 
3.194944e-01 
-7.119204e-01 
9.048318e-14 
-3.194944e-01 
-3.398234e-01 
-3.663736e-14 
3.194944e-01 
-6.473732e-01 
1.401101e-13 
-3.194944e-01 
-3.090129e-01 
-1.080525e-13 
3.194944e-01 
-5.886783e-01 
-3.108624e-13 
-3.194944e-01 
-2.809959e-01 
1.081912e-13 
3.194944e-01 
-5.353051e-01 
-3.902434e-13 
-1.294197e+00 
-1.230222e+00 
2.731287e-13 
8.117115e+00 
7.310849e+00 
4.091172e-13 
-7.494005e-14 
-5.792034e-13 
1.623423e+01 
1.484022e+01 
-7.188625e-01 
4.792417e-01 
1.566282e-14 
2.664535e-15 
-2.588394e+00 
-2.345734e+00 
3.118061e-13 
6.389889e-01 
-8.302975e-01 
-2.924744e-15 
9.261689e-15 
-2.321060e-15 
5.004885e-13 
-6.389889e-01 
-4.358452e-01 
-2.400302e-13 
6.389889e-01 
-9.130834e-01 
-8.916479e-15 
-1.807582e-15 
6.944098e-15 
-1.002087e-12 
-6.389889e-01 
-4.793017e-01 
-4.124479e-14 
6.389889e-01 
-1.004123e+00 
4.975187e-15 
-8.673617e-16 
-9.488937e-16 
-3.996803e-13 
-6.389889e-01 
-5.270911e-01 
-6.994405e-14 
6.389889e-01 
-1.104241e+00 
1.252470e-15 
-9.783840e-15 
-3.243933e-15 
-4.971579e-13 
-6.389889e-01 
-5.521204e-01 
4.309886e-13 
6.389889e-01 
-1.104241e+00 
6.581541e-15 
-9.887924e-16 
-3.523223e-15 
-4.971579e-13 
-6.389889e-01 
-5.270911e-01 
1.781908e-14 
6.389889e-01 
-1.004123e+00 
1.647987e-15 
-8.500145e-16 
-1.889114e-15 
-1.008083e-13 
-6.389889e-01 
-4.793017e-01 
9.492407e-13 
6.389889e-01 
-9.130834e-01 
-2.466777e-15 
2.775558e-17 
-5.013351e-15 
-1.019185e-13 
-6.389889e-01 
-4.358452e-01 
-1.407208e-13 
6.389889e-01 
-8.302975e-01 
1.856154e-15 
9.195769e-15 
-1.564721e-15 
3.008704e-13 
-2.588394e+00 
-2.345734e+00 
1.187939e-14 
1.623423e+01 
1.484022e+01 
7.188625e-01 
4.792417e-01 
-2.671474e-15 
-9.658940e-14 
3.510525e-13 
-8.147649e-14 
8.117115e+00 
7.310849e+00 
-3.602674e-13 
-1.294197e+00 
-1.230222e+00 
-3.155948e-13 
3.194944e-01 
-5.353051e-01 
1.290079e-13 
-3.194944e-01 
-2.809959e-01 
-2.197409e-13 
3.194944e-01 
-5.886783e-01 
2.096101e-13 
-3.194944e-01 
-3.090129e-01 
1.010303e-14 
3.194944e-01 
-6.473732e-01 
-2.997602e-14 
-3.194944e-01 
-3.398234e-01 
-5.678791e-14 
3.194944e-01 
-7.119204e-01 
-8.026912e-14 
-3.194944e-01 
-3.559602e-01 
-2.135514e-13 
3.194944e-01 
-7.119204e-01 
9.880985e-15 
-3.194944e-01 
-3.398234e-01 
-2.267075e-13 
3.194944e-01 
-6.473732e-01 
-1.194600e-13 
-3.194944e-01 
-3.090129e-01 
-1.497968e-13 
3.194944e-01 
-5.886783e-01 
9.969803e-14 
-3.194944e-01 
-2.809959e-01 
-8.466838e-14 
3.194944e-01 
-5.353051e-01 
3.930190e-14 
-1.294197e+00 
-1.230222e+00 
-3.104045e-13 
8.117115e+00 
7.310849e+00 
-2.510214e-13 
-2.509104e-14 
2.982059e-13 
1.623423e+01 
1.484022e+01 
-7.188625e-01 
4.792417e-01 
2.809732e-14 
9.980905e-13 
-2.588394e+00 
-2.345734e+00 
1.418032e-13 
6.389889e-01 
-8.302975e-01 
-2.286366e-15 
1.127397e-14 
-2.210038e-15 
-6.967760e-13 
-6.389889e-01 
-4.358452e-01 
-4.107270e-13 
6.389889e-01 
-9.130834e-01 
-6.251943e-15 
1.008568e-14 
-2.326264e-15 
-1.003642e-13 
-6.389889e-01 
-4.793017e-01 
-2.942091e-14 
6.389889e-01 
-1.004123e+00 
-2.380041e-15 
-9.846290e-15 
-2.225650e-15 
2.995382e-13 
-6.389889e-01 
-5.270911e-01 
4.590217e-13 
6.389889e-01 
-1.104241e+00 
6.748074e-15 
8.326673e-17 
-2.577799e-15 
1.021405e-13 
-6.389889e-01 
-5.521204e-01 
-1.388334e-13 
6.389889e-01 
-1.104241e+00 
6.415007e-15 
7.979728e-17 
-3.523223e-15 
3.035350e-13 
-6.389889e-01 
-5.270911e-01 
5.589973e-13 
6.389889e-01 
-1.004123e+00 
8.947704e-15 
1.075529e-16 
-2.111158e-15 
3.985701e-13 
-6.389889e-01 
-4.793017e-01 
9.064971e-14 
6.389889e-01 
-9.130834e-01 
1.419004e-15 
1.003364e-14 
-2.321060e-15 
-6.661338e-16 
-6.389889e-01 
-4.358452e-01 
-3.096134e-13 
6.389889e-01 
-8.302975e-01 
6.324802e-15 
3.278627e-16 
-2.324529e-16 
-3.974598e-13 
-2.588394e+00 
-2.345734e+00 
4.149459e-14 
1.623423e+01 
1.484022e+01 
7.188625e-01 
4.792417e-01 
-1.756234e-14 
8.986145e-13 
4.187761e-13 
1.457168e-14 
8.117115e+00 
7.310849e+00 
4.000134e-13 
-1.294197e+00 
-1.230222e+00 
-1.270650e-13 
3.194944e-01 
-5.353051e-01 
-1.801892e-13 
-3.194944e-01 
-2.809959e-01 
-6.464274e-14 
3.194944e-01 
-5.886783e-01 
-3.891332e-13 
-3.194944e-01 
-3.090129e-01 
-1.153383e-13 
3.194944e-01 
-6.473732e-01 
-1.199041e-13 
-3.194944e-01 
-3.398234e-01 
4.270195e-14 
3.194944e-01 
-7.119204e-01 
-1.406653e-13 
-3.194944e-01 
-3.559602e-01 
-1.603578e-13 
3.194944e-01 
-7.119204e-01 
-3.941292e-14 
-3.194944e-01 
-3.398234e-01 
-2.907397e-14 
3.194944e-01 
-6.473732e-01 
1.898481e-13 
-3.194944e-01 
-3.090129e-01 
9.323098e-14 
3.194944e-01 
-5.886783e-01 
-1.789680e-13 
-3.194944e-01 
-2.809959e-01 
2.781109e-14 
3.194944e-01 
-5.353051e-01 
-1.901812e-13 
-1.294197e+00 
-1.230222e+00 
-3.771983e-14 
8.117115e+00 
7.310849e+00 
4.093392e-13 
-9.992007e-16 
-3.294032e-13 
1.623423e+01 
1.484022e+01 
-7.188625e-01 
4.792417e-01 
-2.792905e-16 
-8.968382e-13 
-2.588394e+00 
-2.345734e+00 
-3.567702e-13 
6.389889e-01 
-8.302975e-01 
9.887924e-16 
-8.682291e-15 
-8.149731e-15 
-2.993161e-13 
-6.389889e-01 
-4.358452e-01 
-7.085721e-13 
6.389889e-01 
-9.130834e-01 
2.851885e-15 
-9.870577e-15 
2.170139e-15 
4.016787e-13 
-6.389889e-01 
-4.793017e-01 
3.808620e-13 
6.389889e-01 
-1.004123e+00 
9.221790e-15 
1.457168e-16 
2.659331e-15 
2.968736e-13 
-6.389889e-01 
-5.270911e-01 
-5.306866e-13 
6.389889e-01 
-1.104241e+00 
6.362966e-15 
5.551115e-17 
1.419004e-15 
9.969803e-14 
-6.389889e-01 
-5.521204e-01 
-1.953993e-14 
6.389889e-01 
-1.104241e+00 
-1.745132e-15 
1.106754e-15 
2.194425e-15 
1.991740e-13 
-6.389889e-01 
-5.270911e-01 
-5.306311e-13 
6.389889e-01 
-1.004123e+00 
4.784367e-15 
9.367507e-17 
1.608089e-15 
3.967937e-13 
-6.389889e-01 
-4.793017e-01 
3.703426e-13 
6.389889e-01 
-9.130834e-01 
1.141448e-15 
-9.978129e-15 
8.985868e-16 
4.010126e-13 
-6.389889e-01 
-4.358452e-01 
-7.182588e-13 
6.389889e-01 
-8.302975e-01 
-4.388850e-15 
2.298509e-15 
3.597816e-15 
-2.993161e-13 
-2.588394e+00 
-2.345734e+00 
-3.760325e-13 
1.623423e+01 
1.484022e+01 
7.188625e-01 
4.792417e-01 
-2.879641e-15 
-7.973622e-13 
-3.699263e-13 
-1.186481e-13 
5.410728e+00 
4.848999e+00 
9.098278e-14 
-8.626892e-01 
-8.327930e-01 
-5.788425e-14 
2.129694e-01 
-3.835332e-01 
-7.083223e-14 
-2.129694e-01 
-2.013268e-01 
-2.342918e-14 
2.129694e-01 
-4.217739e-01 
1.198208e-13 
-2.129694e-01 
-2.214003e-01 
-7.140122e-15 
2.129694e-01 
-4.638273e-01 
-5.018208e-14 
-2.129694e-01 
-2.434753e-01 
-6.047246e-15 
2.129694e-01 
-5.100738e-01 
-1.209310e-13 
-2.129694e-01 
-2.550369e-01 
3.292158e-14 
2.129694e-01 
-5.100738e-01 
-1.701417e-14 
-2.129694e-01 
-2.434753e-01 
-8.333612e-15 
2.129694e-01 
-4.638273e-01 
-3.946843e-14 
-2.129694e-01 
-2.214003e-01 
1.853726e-14 
2.129694e-01 
-4.217739e-01 
1.001144e-13 
-2.129694e-01 
-2.013268e-01 
-2.335632e-14 
2.129694e-01 
-3.835332e-01 
-7.072121e-14 
-8.626892e-01 
-8.327930e-01 
-5.481032e-14 
5.410728e+00 
4.848999e+00 
1.276756e-15 
6.875056e-14 
-9.640899e-14 
5.408681e+00 
4.992820e+00 
-2.395000e-01 
1.596667e-01 
4.070529e-14 
-5.984102e-14 
-8.623629e-01 
-7.560196e-01 
-7.771561e-16 
2.128889e-01 
-2.232100e-01 
-1.977585e-16 
4.883247e-15 
-7.598089e-16 
-7.993606e-14 
-2.128889e-01 
-1.171689e-01 
-7.840950e-15 
2.128889e-01 
-2.454654e-01 
-1.013079e-15 
4.826001e-15 
3.799044e-16 
2.925438e-14 
-2.128889e-01 
-1.288513e-01 
-1.021405e-14 
2.128889e-01 
-2.699399e-01 
-1.068590e-15 
3.927414e-15 
1.127570e-16 
-7.466250e-14 
-2.128889e-01 
-1.416986e-01 
-1.090794e-13 
2.128889e-01 
-2.968545e-01 
1.415534e-15 
5.766221e-15 
4.822531e-16 
-6.145084e-14 
-2.128889e-01 
-1.484273e-01 
2.864375e-14 
2.128889e-01 
-2.968545e-01 
9.679757e-16 
4.048845e-15 
3.417405e-16 
-4.835021e-14 
-2.128889e-01 
-1.416986e-01 
-1.062483e-13 
2.128889e-01 
-2.699399e-01 
8.260753e-15 
3.937822e-15 
1.615028e-15 
-5.512257e-14 
-2.128889e-01 
-1.288513e-01 
1.096345e-15 
2.128889e-01 
-2.454654e-01 
1.828399e-15 
4.836409e-15 
1.620232e-15 
2.881029e-14 
-2.128889e-01 
-1.171689e-01 
9.503509e-14 
2.128889e-01 
-2.232100e-01 
1.734723e-17 
4.005477e-15 
1.384309e-15 
3.008704e-14 
-8.623629e-01 
-7.560196e-01 
2.123302e-15 
5.408681e+00 
4.992820e+00 
2.395000e-01 
1.596667e-01 
-4.510281e-14 
-7.949197e-14 
-6.211698e-14 
-2.711026e-14 
2.704341e+00 
2.387148e+00 
1.100786e-13 
-4.311815e-01 
-4.353644e-01 
1.594558e-14 
1.064444e-01 
-2.317613e-01 
1.204314e-13 
-1.064444e-01 
-1.216577e-01 
-1.685804e-14 
1.064444e-01 
-2.548694e-01 
1.029732e-14 
-1.064444e-01 
-1.337877e-01 
2.796027e-14 
1.064444e-01 
-2.802814e-01 
3.894107e-14 
-1.064444e-01 
-1.471272e-01 
4.717754e-14 
1.064444e-01 
-3.082272e-01 
1.033618e-13 
-1.064444e-01 
-1.541136e-01 
6.030593e-14 
1.064444e-01 
-3.082272e-01 
8.354428e-15 
-1.064444e-01 
-1.471272e-01 
3.215136e-14 
1.064444e-01 
-2.802814e-01 
-4.782286e-14 
-1.064444e-01 
-1.337877e-01 
-1.297226e-14 
1.064444e-01 
-2.548694e-01 
5.551115e-16 
-1.064444e-01 
-1.216577e-01 
2.928213e-15 
1.064444e-01 
-2.317613e-01 
2.006728e-14 
-4.311815e-01 
-4.353644e-01 
-7.601558e-14 
2.704341e+00 
2.387148e+00 
1.200706e-13 
5.836998e-14 
3.465284e-14 
5.408681e+00 
4.992820e+00 
-2.395000e-01 
1.596667e-01 
1.665508e-14 
8.937295e-14 
-8.623629e-01 
-7.560196e-01 
-3.996803e-15 
2.128889e-01 
-2.232100e-01 
-5.714179e-15 
-2.069525e-15 
-1.856154e-15 
1.099121e-13 
-2.128889e-01 
-1.171689e-01 
5.755119e-14 
2.128889e-01 
-2.454654e-01 
-6.696033e-15 
-4.135581e-15 
-5.221518e-16 
-1.103007e-13 
-2.128889e-01 
-1.288513e-01 
-6.265821e-14 
2.128889e-01 
-2.699399e-01 
-4.919676e-15 
-2.914335e-15 
1.542169e-15 
2.148282e-14 
-2.128889e-01 
-1.416986e-01 
-2.944867e-14 
2.128889e-01 
-2.968545e-01 
-5.211109e-15 
-4.132111e-15 
3.851086e-16 
7.993606e-15 
-2.128889e-01 
-1.484273e-01 
-6.925016e-14 
2.128889e-01 
-2.968545e-01 
-6.824402e-15 
-2.869233e-15 
-1.717376e-16 
-8.881784e-14 
-2.128889e-01 
-1.416986e-01 
5.846712e-14 
2.128889e-01 
-2.699399e-01 
-4.139050e-15 
-1.828399e-15 
-5.082740e-16 
2.414735e-14 
-2.128889e-01 
-1.288513e-01 
-7.423229e-14 
2.128889e-01 
-2.454654e-01 
-4.853756e-15 
-3.282097e-15 
1.301043e-15 
-9.986456e-14 
-2.128889e-01 
-1.171689e-01 
6.489254e-14 
2.128889e-01 
-2.232100e-01 
-4.999473e-15 
-4.060988e-15 
3.989864e-16 
1.099121e-13 
-8.623629e-01 
-7.560196e-01 
-5.315193e-15 
5.408681e+00 
4.992820e+00 
2.395000e-01 
1.596667e-01 
-2.013667e-14 
9.947598e-14 
1.443290e-15 
-2.706169e-14 
2.704341e+00 
2.387148e+00 
2.015055e-14 
-4.311815e-01 
-4.353644e-01 
1.006140e-15 
1.064444e-01 
-2.317613e-01 
1.984524e-14 
-1.064444e-01 
-1.216577e-01 
3.909373e-14 
1.064444e-01 
-2.548694e-01 
2.958744e-14 
-1.064444e-01 
-1.337877e-01 
1.374595e-14 
1.064444e-01 
-2.802814e-01 
1.190714e-14 
-1.064444e-01 
-1.471272e-01 
-1.816255e-14 
1.064444e-01 
-3.082272e-01 
-1.365574e-14 
-1.064444e-01 
-1.541136e-01 
-3.373343e-14 
1.064444e-01 
-3.082272e-01 
-1.365574e-14 
-1.064444e-01 
-1.471272e-01 
-1.609129e-14 
1.064444e-01 
-2.802814e-01 
1.859624e-15 
-1.064444e-01 
-1.337877e-01 
-4.038436e-15 
1.064444e-01 
-2.548694e-01 
1.962319e-14 
-1.064444e-01 
-1.216577e-01 
4.777428e-14 
1.064444e-01 
-2.317613e-01 
4.007905e-14 
-4.311815e-01 
-4.353644e-01 
1.024181e-14 
2.704341e+00 
2.387148e+00 
2.059464e-14 
-2.098322e-14 
1.026956e-15 
5.408681e+00 
4.992820e+00 
-2.395000e-01 
1.596667e-01 
-4.161602e-15 
-3.019807e-14 
-8.623629e-01 
-7.560196e-01 
-4.254930e-14 
2.128889e-01 
-2.232100e-01 
-2.112893e-15 
-1.132774e-15 
-1.384309e-15 
-5.051515e-14 
-2.128889e-01 
-1.171689e-01 
-8.121281e-14 
2.128889e-01 
-2.454654e-01 
-3.538836e-15 
-2.085138e-15 
-1.132774e-15 
1.043610e-14 
-2.128889e-01 
-1.288513e-01 
-3.611000e-14 
2.128889e-01 
-2.699399e-01 
-3.372302e-15 
-8.812395e-16 
-1.214306e-17 
1.543210e-14 
-2.128889e-01 
-1.416986e-01 
-2.994827e-14 
2.128889e-01 
-2.968545e-01 
-2.664535e-15 
-9.992007e-16 
-5.030698e-16 
6.394885e-14 
-2.128889e-01 
-1.484273e-01 
-1.335043e-14 
2.128889e-01 
-2.968545e-01 
-3.556183e-15 
-1.214306e-16 
-5.880713e-16 
6.350476e-14 
-2.128889e-01 
-1.416986e-01 
-3.799738e-14 
2.128889e-01 
-2.699399e-01 
-3.313322e-15 
-3.469447e-18 
7.407269e-16 
-4.329870e-15 
-2.128889e-01 
-1.288513e-01 
-1.379452e-13 
2.128889e-01 
-2.454654e-01 
-1.585537e-15 
-2.248202e-15 
-1.144917e-16 
-9.958701e-14 
-2.128889e-01 
-1.171689e-01 
-7.124856e-14 
2.128889e-01 
-2.232100e-01 
-3.563122e-15 
3.642919e-17 
1.620232e-15 
4.940492e-14 
-8.623629e-01 
-7.560196e-01 
2.829681e-14 
5.408681e+00 
4.992820e+00 
2.395000e-01 
1.596667e-01 
1.512679e-15 
6.028511e-14 
-4.962697e-14 
-5.302009e-14 
2.704341e+00 
2.387148e+00 
-1.297296e-13 
-4.311815e-01 
-4.353644e-01 
-6.966649e-15 
1.064444e-01 
-2.317613e-01 
1.005862e-13 
-1.064444e-01 
-1.216577e-01 
-2.563574e-14 
1.064444e-01 
-2.548694e-01 
-4.971024e-14 
-1.064444e-01 
-1.337877e-01 
-7.896114e-14 
1.064444e-01 
-2.802814e-01 
-1.015577e-13 
-1.064444e-01 
-1.471272e-01 
-1.089823e-13 
1.064444e-01 
-3.082272e-01 
-1.126876e-14 
-1.064444e-01 
-1.541136e-01 
-2.421674e-14 
1.064444e-01 
-3.082272e-01 
8.520962e-15 
-1.064444e-01 
-1.471272e-01 
8.188242e-14 
1.064444e-01 
-2.802814e-01 
-1.473821e-14 
-1.064444e-01 
-1.337877e-01 
-6.710257e-14 
1.064444e-01 
-2.548694e-01 
-4.019007e-14 
-1.064444e-01 
-1.216577e-01 
-1.942890e-15 
1.064444e-01 
-2.317613e-01 
1.003364e-13 
-4.311815e-01 
-4.353644e-01 
-9.138523e-15 
2.704341e+00 
2.387148e+00 
-2.048361e-14 
-7.260859e-14 
2.665923e-14 
5.408681e+00 
4.992820e+00 
-2.395000e-01 
1.596667e-01 
4.836583e-14 
3.030909e-14 
-8.623629e-01 
-7.560196e-01 
1.643130e-14 
2.128889e-01 
-2.232100e-01 
1.911665e-15 
-1.958503e-15 
-2.341877e-15 
-7.960299e-14 
-2.128889e-01 
-1.171689e-01 
-1.259687e-13 
2.128889e-01 
-2.454654e-01 
2.484124e-15 
-3.125972e-15 
1.157061e-15 
-7.022161e-14 
-2.128889e-01 
-1.288513e-01 
-3.741452e-14 
2.128889e-01 
-2.699399e-01 
1.762479e-15 
-2.997602e-15 
1.111958e-15 
-4.091172e-14 
-2.128889e-01 
-1.416986e-01 
-7.960299e-14 
2.128889e-01 
-2.968545e-01 
1.304512e-15 
-3.004541e-15 
-1.006140e-16 
-1.776357e-15 
-2.128889e-01 
-1.484273e-01 
7.618906e-15 
2.128889e-01 
-2.968545e-01 
3.465978e-15 
-2.973316e-15 
7.025630e-16 
1.110223e-15 
-2.128889e-01 
-1.416986e-01 
-2.370326e-14 
2.128889e-01 
-2.699399e-01 
9.332812e-16 
-2.917805e-15 
1.115427e-15 
7.055467e-14 
-2.128889e-01 
-1.288513e-01 
3.939904e-14 
2.128889e-01 
-2.454654e-01 
3.327200e-15 
-2.074729e-15 
2.397388e-15 
3.880229e-14 
-2.128889e-01 
-1.171689e-01 
-4.107825e-14 
2.128889e-01 
-2.232100e-01 
3.125972e-15 
-3.058317e-15 
9.957313e-16 
3.053113e-14 
-8.623629e-01 
-7.560196e-01 
-8.891499e-14 
5.408681e+00 
4.992820e+00 
2.395000e-01 
1.596667e-01 
-5.248579e-14 
3.042011e-14 
5.828671e-14 
-4.143907e-14 
5.411363e+00 
4.849576e+00 
-8.115730e-14 
-8.627905e-01 
-8.328863e-01 
-6.800116e-16 
2.129944e-01 
-3.835688e-01 
-1.596501e-13 
-2.129944e-01 
-2.013455e-01 
-6.041001e-14 
2.129944e-01 
-4.218130e-01 
-1.098011e-13 
-2.129944e-01 
-2.214209e-01 
-8.344714e-14 
2.129944e-01 
-4.638704e-01 
-1.910694e-13 
-2.129944e-01 
-2.434979e-01 
-1.066924e-13 
2.129944e-01 
-5.101212e-01 
8.137935e-14 
-2.129944e-01 
-2.550606e-01 
-5.839773e-14 
2.129944e-01 
-5.101212e-01 
8.582024e-14 
-2.129944e-01 
-2.434979e-01 
-1.171979e-13 
2.129944e-01 
-4.638704e-01 
-9.070522e-14 
-2.129944e-01 
-2.214209e-01 
-7.362166e-14 
2.129944e-01 
-4.218130e-01 
9.070522e-14 
-2.129944e-01 
-2.013455e-01 
-8.239243e-14 
2.129944e-01 
-3.835688e-01 
-4.929390e-14 
-8.627905e-01 
-8.328863e-01 
-8.629208e-14 
5.411363e+00 
4.849576e+00 
3.030909e-14 
1.276756e-14 
-4.502232e-13 
1.623677e+01 
1.484253e+01 
-7.189750e-01 
4.793167e-01 
7.738601e-15 
-1.102674e-12 
-2.588799e+00 
-2.346107e+00 
-1.159545e-12 
6.390889e-01 
-8.304400e-01 
4.475587e-16 
1.198174e-14 
-5.277029e-15 
-2.988720e-13 
-6.390889e-01 
-4.359200e-01 
-9.039991e-14 
6.390889e-01 
-9.132400e-01 
8.250345e-15 
3.049644e-15 
-1.146652e-15 
4.998224e-13 
-6.390889e-01 
-4.793840e-01 
-1.401934e-13 
6.390889e-01 
-1.004296e+00 
4.017620e-15 
3.073930e-15 
-3.433018e-15 
1.985079e-13 
-6.390889e-01 
-5.271815e-01 
-1.603717e-13 
6.390889e-01 
-1.104430e+00 
1.932482e-15 
3.122502e-15 
-1.731254e-15 
3.999023e-13 
-6.390889e-01 
-5.522152e-01 
-5.703771e-13 
6.390889e-01 
-1.104430e+00 
-2.508410e-15 
4.229256e-15 
-1.844011e-15 
3.999023e-13 
-6.390889e-01 
-5.271815e-01 
-7.202572e-14 
6.390889e-01 
-1.004296e+00 
5.797446e-15 
3.077399e-15 
-3.040970e-15 
2.979839e-13 
-6.390889e-01 
-4.793840e-01 
-1.496858e-13 
6.390889e-01 
-9.132400e-01 
2.931683e-15 
3.053113e-15 
-1.196959e-15 
4.996004e-13 
-6.390889e-01 
-4.359200e-01 
-1.360023e-15 
6.390889e-01 
-8.304400e-01 
-3.226586e-16 
2.867498e-15 
-3.410466e-15 
-2.988720e-13 
-2.588799e+00 
-2.346107e+00 
-1.050188e-12 
1.623677e+01 
1.484253e+01 
7.189750e-01 
4.793167e-01 
7.188694e-15 
-1.102674e-12 
-5.200285e-13 
-4.610201e-14 
8.118385e+00 
7.312005e+00 
-2.088330e-13 
-1.294400e+00 
-1.230408e+00 
2.117750e-14 
3.195444e-01 
-5.353763e-01 
-4.503065e-13 
-3.195444e-01 
-2.810332e-01 
-1.322553e-13 
3.195444e-01 
-5.887567e-01 
2.192690e-13 
-3.195444e-01 
-3.090540e-01 
-1.715017e-13 
3.195444e-01 
-6.474594e-01 
-9.103829e-14 
-3.195444e-01 
-3.398686e-01 
-3.830269e-14 
3.195444e-01 
-7.120151e-01 
1.396661e-13 
-3.195444e-01 
-3.560076e-01 
6.006307e-14 
3.195444e-01 
-7.120151e-01 
1.404432e-13 
-3.195444e-01 
-3.398686e-01 
-3.749778e-14 
3.195444e-01 
-6.474594e-01 
-2.011724e-13 
-3.195444e-01 
-3.090540e-01 
-7.874257e-14 
3.195444e-01 
-5.887567e-01 
1.197931e-13 
-3.195444e-01 
-2.810332e-01 
-4.865552e-14 
3.195444e-01 
-5.353763e-01 
-4.406475e-13 
-1.294400e+00 
-1.230408e+00 
3.858025e-15 
8.118385e+00 
7.312005e+00 
-2.106093e-13 
-5.162537e-14 
6.497580e-13 
1.623677e+01 
1.484253e+01 
-7.189750e-01 
4.793167e-01 
1.444504e-14 
6.981082e-13 
-2.588799e+00 
-2.346107e+00 
5.084266e-13 
6.390889e-01 
-8.304400e-01 
9.828943e-15 
-4.116499e-15 
-6.748074e-15 
4.007905e-13 
-6.390889e-01 
-4.359200e-01 
-4.403700e-13 
6.390889e-01 
-9.132400e-01 
1.013772e-14 
6.075002e-15 
-5.920611e-15 
-5.020429e-13 
-6.390889e-01 
-4.793840e-01 
-1.215694e-13 
6.390889e-01 
-1.004296e+00 
2.685352e-15 
-5.002943e-15 
-5.875508e-15 
1.010303e-13 
-6.390889e-01 
-5.271815e-01 
4.582168e-13 
6.390889e-01 
-1.104430e+00 
6.820933e-15 
6.009082e-15 
-5.228457e-15 
4.998224e-13 
-6.390889e-01 
-5.522152e-01 
-4.882206e-14 
6.390889e-01 
-1.104430e+00 
1.092529e-14 
7.088080e-15 
-7.783704e-15 
3.999023e-13 
-6.390889e-01 
-5.271815e-01 
4.497513e-13 
6.390889e-01 
-1.004296e+00 
5.797446e-15 
-2.959438e-15 
-7.925952e-15 
1.010303e-13 
-6.390889e-01 
-4.793840e-01 
-1.115774e-14 
6.390889e-01 
-9.132400e-01 
1.281267e-14 
-3.053113e-15 
-6.192963e-15 
-7.014389e-13 
-6.390889e-01 
-4.359200e-01 
-6.490919e-13 
6.390889e-01 
-8.304400e-01 
1.133468e-14 
-3.904863e-15 
-6.881648e-15 
6.004086e-13 
-2.588799e+00 
-2.346107e+00 
4.097278e-13 
1.623677e+01 
1.484253e+01 
7.189750e-01 
4.793167e-01 
-1.779132e-14 
7.978063e-13 
7.598366e-13 
-9.063583e-14 
8.118385e+00 
7.312005e+00 
2.710054e-13 
-1.294400e+00 
-1.230408e+00 
-1.822154e-13 
3.195444e-01 
-5.353763e-01 
1.101341e-13 
-3.195444e-01 
-2.810332e-01 
7.913115e-14 
3.195444e-01 
-5.887567e-01 
-5.314638e-13 
-3.195444e-01 
-3.090540e-01 
4.066192e-14 
3.195444e-01 
-6.474594e-01 
-7.027712e-14 
-3.195444e-01 
-3.398686e-01 
2.607636e-14 
3.195444e-01 
-7.120151e-01 
-4.030110e-14 
-3.195444e-01 
-3.560076e-01 
-1.644379e-13 
3.195444e-01 
-7.120151e-01 
-3.030909e-14 
-3.195444e-01 
-3.398686e-01 
1.358080e-13 
3.195444e-01 
-6.474594e-01 
-7.016610e-14 
-3.195444e-01 
-3.090540e-01 
-1.061651e-13 
3.195444e-01 
-5.887567e-01 
-5.303535e-13 
-3.195444e-01 
-2.810332e-01 
-1.037226e-13 
3.195444e-01 
-5.353763e-01 
-8.060219e-14 
-1.294400e+00 
-1.230408e+00 
-2.668282e-13 
8.118385e+00 
7.312005e+00 
2.710054e-13 
-9.847678e-14 
1.897094e-13 
1.623677e+01 
1.484253e+01 
-7.189750e-01 
4.793167e-01 
3.012347e-14 
7.993606e-13 
-2.588799e+00 
-2.346107e+00 
4.298506e-13 
6.390889e-01 
-8.304400e-01 
8.357898e-15 
2.017483e-15 
4.978656e-15 
6.035172e-13 
-6.390889e-01 
-4.359200e-01 
-6.311063e-13 
6.390889e-01 
-9.132400e-01 
-5.058454e-15 
2.050443e-15 
-1.257675e-15 
-6.998846e-13 
-6.390889e-01 
-4.793840e-01 
5.828671e-16 
6.390889e-01 
-1.004296e+00 
-4.406198e-15 
1.103284e-15 
6.572867e-15 
-2.000622e-13 
-6.390889e-01 
-5.271815e-01 
-4.201639e-13 
6.390889e-01 
-1.104430e+00 
-1.158795e-15 
9.853229e-16 
-1.897787e-15 
3.013145e-13 
-6.390889e-01 
-5.522152e-01 
3.708700e-13 
6.390889e-01 
-1.104430e+00 
-5.270090e-15 
1.065120e-15 
6.496539e-15 
3.013145e-13 
-6.390889e-01 
-5.271815e-01 
-4.304057e-13 
6.390889e-01 
-1.004296e+00 
-4.624773e-15 
2.324529e-16 
6.576337e-15 
-3.013145e-13 
-6.390889e-01 
-4.793840e-01 
1.063039e-14 
6.390889e-01 
-9.132400e-01 
-2.716577e-15 
-5.551115e-17 
9.253015e-15 
3.994582e-13 
-6.390889e-01 
-4.359200e-01 
3.901046e-13 
6.390889e-01 
-8.304400e-01 
-7.913808e-15 
1.285430e-15 
7.010018e-15 
5.018208e-13 
-2.588799e+00 
-2.346107e+00 
4.499456e-13 
1.623677e+01 
1.484253e+01 
7.189750e-01 
4.793167e-01 
-2.151057e-14 
8.992806e-13 
1.496581e-13 
-2.189915e-14 
8.118385e+00 
7.312005e+00 
-2.798872e-13 
-1.294400e+00 
-1.230408e+00 
-5.019457e-13 
3.195444e-01 
-5.353763e-01 
3.390621e-13 
-3.195444e-01 
-2.810332e-01 
-1.056100e-14 
3.195444e-01 
-5.887567e-01 
-1.306732e-13 
-3.195444e-01 
-3.090540e-01 
-5.458134e-14 
3.195444e-01 
-6.474594e-01 
-6.072920e-14 
-3.195444e-01 
-3.398686e-01 
-2.320366e-14 
3.195444e-01 
-7.120151e-01 
-5.095924e-14 
-3.195444e-01 
-3.560076e-01 
-1.133538e-13 
3.195444e-01 
-7.120151e-01 
5.939693e-14 
-3.195444e-01 
-3.398686e-01 
-1.294798e-14 
3.195444e-01 
-6.474594e-01 
-1.501022e-13 
-3.195444e-01 
-3.090540e-01 
-2.832456e-14 
3.195444e-01 
-5.887567e-01 
-2.053913e-14 
-3.195444e-01 
-2.810332e-01 
-1.373485e-13 
3.195444e-01 
-5.353763e-01 
4.389822e-13 
-1.294400e+00 
-1.230408e+00 
-4.664324e-13 
8.118385e+00 
7.312005e+00 
-2.901013e-13 
-6.394885e-14 
-3.885781e-16 
1.623677e+01 
1.484253e+01 
-7.189750e-01 
4.793167e-01 
2.661239e-14 
9.769963e-14 
-2.588799e+00 
-2.346107e+00 
-1.603717e-13 
6.390889e-01 
-8.304400e-01 
-4.881512e-15 
3.155462e-15 
-1.419004e-15 
2.664535e-15 
-6.390889e-01 
-4.359200e-01 
6.789291e-13 
6.390889e-01 
-9.132400e-01 
-1.189673e-14 
2.022688e-15 
7.962381e-16 
-3.019807e-13 
-6.390889e-01 
-4.793840e-01 
-6.595835e-13 
6.390889e-01 
-1.004296e+00 
-8.916479e-15 
2.074729e-15 
1.174408e-15 
-1.001421e-13 
-6.390889e-01 
-5.271815e-01 
3.300971e-13 
6.390889e-01 
-1.104430e+00 
2.102485e-15 
3.205769e-15 
-2.324529e-16 
-3.974598e-13 
-6.390889e-01 
-5.522152e-01 
2.178813e-14 
6.390889e-01 
-1.104430e+00 
-9.669349e-15 
1.203898e-15 
1.264613e-15 
-1.980638e-13 
-6.390889e-01 
-5.271815e-01 
4.293232e-13 
6.390889e-01 
-1.004296e+00 
-1.313186e-14 
1.148387e-15 
-1.597680e-15 
-9.836576e-14 
-6.390889e-01 
-4.793840e-01 
-4.492795e-13 
6.390889e-01 
-9.132400e-01 
-1.783296e-14 
2.137179e-15 
-1.977585e-16 
-2.027267e-13 
-6.390889e-01 
-4.359200e-01 
-1.912359e-13 
6.390889e-01 
-8.304400e-01 
-4.152928e-15 
2.062586e-15 
3.348016e-16 
-1.096900e-12 
-2.588799e+00 
-2.346107e+00 
-1.400546e-13 
1.623677e+01 
1.484253e+01 
7.189750e-01 
4.793167e-01 
-3.005235e-14 
-2.220446e-15 
4.996004e-14 
1.827705e-14 
8.118385e+00 
7.312005e+00 
-2.202682e-13 
-1.294400e+00 
-1.230408e+00 
-8.719414e-14 
3.195444e-01 
-5.353763e-01 
6.096235e-13 
-3.195444e-01 
-2.810332e-01 
-2.901845e-14 
3.195444e-01 
-5.887567e-01 
-2.494671e-13 
-3.195444e-01 
-3.090540e-01 
-1.314227e-13 
3.195444e-01 
-6.474594e-01 
2.193801e-13 
-3.195444e-01 
-3.398686e-01 
-2.788048e-14 
3.195444e-01 
-7.120151e-01 
-5.961898e-14 
-3.195444e-01 
-3.560076e-01 
-3.007733e-13 
3.195444e-01 
-7.120151e-01 
-7.072121e-14 
-3.195444e-01 
-3.398686e-01 
1.093708e-13 
3.195444e-01 
-6.474594e-01 
-7.183143e-14 
-3.195444e-01 
-3.090540e-01 
-1.836725e-13 
3.195444e-01 
-5.887567e-01 
-4.306555e-13 
-3.195444e-01 
-2.810332e-01 
-2.413347e-14 
3.195444e-01 
-5.353763e-01 
6.190604e-13 
-1.294400e+00 
-1.230408e+00 
1.321859e-13 
8.118385e+00 
7.312005e+00 
-2.097211e-13 
-3.053113e-14 
-9.104106e-13 
1.623677e+01 
1.484253e+01 
-7.189750e-01 
4.793167e-01 
6.670012e-15 
-9.008350e-13 
-2.588799e+00 
-2.346107e+00 
-3.298473e-13 
6.390889e-01 
-8.304400e-01 
-1.092876e-15 
2.184017e-15 
4.506812e-15 
-9.636736e-14 
-6.390889e-01 
-4.359200e-01 
-2.901013e-13 
6.390889e-01 
-9.132400e-01 
-1.755540e-15 
-6.942363e-15 
-2.354020e-15 
-1.300293e-12 
-6.390889e-01 
-4.793840e-01 
-2.481904e-13 
6.390889e-01 
-1.004296e+00 
-2.296774e-15 
1.935951e-15 
6.767156e-15 
-5.013767e-13 
-6.390889e-01 
-5.271815e-01 
5.172252e-13 
6.390889e-01 
-1.104430e+00 
9.967721e-15 
-6.952772e-15 
7.192164e-15 
-2.995382e-13 
-6.390889e-01 
-5.522152e-01 
8.101853e-14 
6.390889e-01 
-1.104430e+00 
-5.793976e-16 
4.118234e-15 
6.857362e-15 
-2.995382e-13 
-6.390889e-01 
-5.271815e-01 
4.898859e-13 
6.390889e-01 
-1.004296e+00 
-5.290907e-15 
-8.774231e-15 
7.603293e-15 
-5.015988e-13 
-6.390889e-01 
-4.793840e-01 
6.202816e-13 
6.390889e-01 
-9.132400e-01 
-1.908196e-16 
3.885781e-15 
-1.349615e-15 
-1.010303e-13 
-6.390889e-01 
-4.359200e-01 
-2.998712e-13 
6.390889e-01 
-8.304400e-01 
-2.532696e-16 
-7.762888e-15 
5.983061e-15 
-1.965095e-13 
-2.588799e+00 
-2.346107e+00 
-2.402800e-13 
1.623677e+01 
1.484253e+01 
7.189750e-01 
4.793167e-01 
-3.448630e-15 
-9.008350e-13 
-2.104983e-13 
-2.446654e-14 
8.118385e+00 
7.312005e+00 
-2.201572e-13 
-1.294400e+00 
-1.230408e+00 
-2.315231e-13 
3.195444e-01 
-5.353763e-01 
-2.913225e-13 
-3.195444e-01 
-2.810332e-01 
-5.553891e-14 
3.195444e-01 
-5.887567e-01 
2.603473e-13 
-3.195444e-01 
-3.090540e-01 
8.465451e-15 
3.195444e-01 
-6.474594e-01 
-7.005507e-14 
-3.195444e-01 
-3.398686e-01 
9.557632e-14 
3.195444e-01 
-7.120151e-01 
1.399991e-13 
-3.195444e-01 
-3.560076e-01 
-1.205286e-13 
3.195444e-01 
-7.120151e-01 
-1.499911e-13 
-3.195444e-01 
-3.398686e-01 
4.912737e-15 
3.195444e-01 
-6.474594e-01 
2.986500e-14 
-3.195444e-01 
-3.090540e-01 
-7.376044e-14 
3.195444e-01 
-5.887567e-01 
1.693090e-13 
-3.195444e-01 
-2.810332e-01 
-2.461781e-13 
3.195444e-01 
-5.353763e-01 
-3.803624e-13 
-1.294400e+00 
-1.230408e+00 
-4.905382e-13 
8.118385e+00 
7.312005e+00 
-1.010303e-14 
-1.042499e-13 
-5.202505e-13 
1.623677e+01 
1.484253e+01 
-7.189750e-01 
4.793167e-01 
3.797830e-14 
-1.030287e-13 
-2.588799e+00 
-2.346107e+00 
-4.015677e-13 
6.390889e-01 
-8.304400e-01 
1.169204e-15 
1.323594e-15 
1.981054e-15 
-3.967937e-13 
-6.390889e-01 
-4.359200e-01 
-2.614575e-13 
6.390889e-01 
-9.132400e-01 
-1.353084e-15 
8.847090e-16 
4.584874e-15 
3.981260e-13 
-6.390889e-01 
-4.793840e-01 
-4.965472e-14 
6.390889e-01 
-1.004296e+00 
-3.920475e-15 
9.367507e-16 
4.435688e-15 
2.005063e-13 
-6.390889e-01 
-5.271815e-01 
1.180167e-13 
6.390889e-01 
-1.104430e+00 
7.209511e-15 
1.984524e-15 
3.361894e-15 
-3.994582e-13 
-6.390889e-01 
-5.522152e-01 
9.126033e-14 
6.390889e-01 
-1.104430e+00 
-2.452899e-15 
1.065120e-15 
4.081804e-15 
-3.002043e-13 
-6.390889e-01 
-5.271815e-01 
1.104394e-13 
6.390889e-01 
-1.004296e+00 
-5.471318e-15 
2.092077e-15 
2.884845e-15 
4.012346e-13 
-6.390889e-01 
-4.793840e-01 
-4.962697e-14 
6.390889e-01 
-9.132400e-01 
-1.453698e-15 
1.110223e-15 
3.368833e-15 
3.985701e-13 
-6.390889e-01 
-4.359200e-01 
-3.811396e-13 
6.390889e-01 
-8.304400e-01 
-6.206841e-15 
8.968520e-16 
4.708040e-15 
-4.980460e-13 
-2.588799e+00 
-2.346107e+00 
-4.125589e-13 
1.623677e+01 
1.484253e+01 
7.189750e-01 
4.793167e-01 
-3.654022e-14 
-2.886580e-15 
-6.790124e-13 
-8.505696e-14 
8.118385e+00 
7.312005e+00 
-1.795231e-13 
-1.294400e+00 
-1.230408e+00 
1.000172e-13 
3.195444e-01 
-5.353763e-01 
-3.403944e-13 
-3.195444e-01 
-2.810332e-01 
-3.087808e-14 
3.195444e-01 
-5.887567e-01 
3.189671e-13 
-3.195444e-01 
-3.090540e-01 
-1.205980e-14 
3.195444e-01 
-6.474594e-01 
-2.106093e-13 
-3.195444e-01 
-3.398686e-01 
-4.929390e-14 
3.195444e-01 
-7.120151e-01 
-8.981704e-14 
-3.195444e-01 
-3.560076e-01 
1.478817e-13 
3.195444e-01 
-7.120151e-01 
-6.916689e-14 
-3.195444e-01 
-3.398686e-01 
-5.846712e-14 
3.195444e-01 
-6.474594e-01 
-1.102451e-13 
-3.195444e-01 
-3.090540e-01 
1.059014e-13 
3.195444e-01 
-5.887567e-01 
2.192690e-13 
-3.195444e-01 
-2.810332e-01 
-2.304962e-13 
3.195444e-01 
-5.353763e-01 
-4.407585e-13 
-1.294400e+00 
-1.230408e+00 
1.005723e-13 
8.118385e+00 
7.312005e+00 
1.193490e-13 
-1.573186e-13 
4.035661e-14 
1.623677e+01 
1.484253e+01 
-7.189750e-01 
4.793167e-01 
3.198310e-14 
1.199929e-12 
-2.588799e+00 
-2.346107e+00 
9.777179e-13 
6.390889e-01 
-8.304400e-01 
4.943962e-15 
1.301043e-16 
-4.208439e-15 
6.661338e-16 
-6.390889e-01 
-4.359200e-01 
-4.606870e-13 
6.390889e-01 
-9.132400e-01 
-1.073447e-14 
1.075529e-16 
-2.603820e-15 
-2.013945e-13 
-6.390889e-01 
-4.793840e-01 
1.892098e-13 
6.390889e-01 
-1.004296e+00 
-1.041528e-14 
-8.118506e-16 
-3.835474e-15 
-4.003464e-13 
-6.390889e-01 
-5.271815e-01 
-3.222422e-13 
6.390889e-01 
-1.104430e+00 
1.595946e-16 
-9.020562e-16 
-3.243933e-15 
9.992007e-14 
-6.390889e-01 
-5.522152e-01 
-5.194178e-13 
6.390889e-01 
-1.104430e+00 
-4.173745e-15 
9.141993e-15 
-3.079134e-15 
9.992007e-14 
-6.390889e-01 
-5.271815e-01 
-2.224609e-13 
6.390889e-01 
-1.004296e+00 
-6.859097e-15 
-1.876971e-15 
-2.777292e-15 
-4.003464e-13 
-6.390889e-01 
-4.793840e-01 
1.885991e-13 
6.390889e-01 
-9.132400e-01 
4.152928e-15 
8.326673e-17 
-2.459838e-15 
-1.010303e-13 
-6.390889e-01 
-4.359200e-01 
-1.611489e-13 
6.390889e-01 
-8.304400e-01 
5.655199e-16 
8.224324e-15 
-2.343611e-15 
6.661338e-16 
-2.588799e+00 
-2.346107e+00 
-2.092770e-14 
1.623677e+01 
1.484253e+01 
7.189750e-01 
4.793167e-01 
-3.875372e-14 
1.199485e-12 
1.401101e-13 
-1.450229e-14 
8.118385e+00 
7.312005e+00 
-3.398393e-13 
-1.294400e+00 
-1.230408e+00 
-5.240808e-13 
3.195444e-01 
-5.353763e-01 
3.288481e-13 
-3.195444e-01 
-2.810332e-01 
-1.027511e-13 
3.195444e-01 
-5.887567e-01 
-4.100054e-13 
-3.195444e-01 
-3.090540e-01 
-1.212364e-13 
3.195444e-01 
-6.474594e-01 
-2.031708e-14 
-3.195444e-01 
-3.398686e-01 
3.747003e-15 
3.195444e-01 
-7.120151e-01 
2.908784e-14 
-3.195444e-01 
-3.560076e-01 
-2.592648e-13 
3.195444e-01 
-7.120151e-01 
-6.938894e-14 
-3.195444e-01 
-3.398686e-01 
-8.870682e-14 
3.195444e-01 
-6.474594e-01 
-1.202372e-13 
-3.195444e-01 
-3.090540e-01 
-9.603429e-15 
3.195444e-01 
-5.887567e-01 
-4.100054e-13 
-3.195444e-01 
-2.810332e-01 
-1.318390e-13 
3.195444e-01 
-5.353763e-01 
2.395861e-13 
-1.294400e+00 
-1.230408e+00 
-4.851258e-13 
8.118385e+00 
7.312005e+00 
-3.298473e-13 
-5.573320e-14 
5.497547e-13 
1.623677e+01 
1.484253e+01 
-7.189750e-01 
4.793167e-01 
3.653848e-14 
7.969181e-13 
-2.588799e+00 
-2.346107e+00 
3.186895e-13 
6.390889e-01 
-8.304400e-01 
-2.383510e-15 
7.013487e-15 
-6.997875e-15 
-4.982681e-13 
-6.390889e-01 
-4.359200e-01 
-6.492029e-13 
6.390889e-01 
-9.132400e-01 
-1.128958e-14 
7.990136e-15 
-6.531234e-15 
-6.024070e-13 
-6.390889e-01 
-4.793840e-01 
-2.298162e-13 
6.390889e-01 
-1.004296e+00 
-8.749945e-15 
6.959711e-15 
-6.708176e-15 
1.005862e-13 
-6.390889e-01 
-5.271815e-01 
4.195533e-13 
6.390889e-01 
-1.104430e+00 
-5.280498e-15 
9.034440e-15 
-6.227657e-15 
-3.999023e-13 
-6.390889e-01 
-5.522152e-01 
9.892087e-14 
6.390889e-01 
-1.104430e+00 
-5.283968e-15 
8.059525e-15 
-6.784504e-15 
-6.004086e-13 
-6.390889e-01 
-5.271815e-01 
4.281020e-13 
6.390889e-01 
-1.004296e+00 
-1.052283e-14 
7.990136e-15 
-6.982262e-15 
1.008083e-13 
-6.390889e-01 
-4.793840e-01 
-1.307288e-13 
6.390889e-01 
-9.132400e-01 
-6.394191e-15 
8.854029e-15 
-6.692563e-15 
2.984279e-13 
-6.390889e-01 
-4.359200e-01 
2.605138e-13 
6.390889e-01 
-8.304400e-01 
-1.031467e-14 
8.224324e-15 
-5.466114e-15 
-3.983480e-13 
-2.588799e+00 
-2.346107e+00 
2.380041e-13 
1.623677e+01 
1.484253e+01 
7.189750e-01 
4.793167e-01 
-4.331951e-14 
6.976641e-13 
-2.000622e-13 
-4.524159e-15 
7.286054e+00 
6.602092e+00 
-1.091349e-13 
-1.144321e+00 
-1.097391e+00 
-3.837902e-14 
2.662167e-01 
-4.593974e-01 
-3.019807e-14 
-2.662167e-01 
-2.411499e-01 
3.329281e-14 
2.662167e-01 
-5.052022e-01 
9.958701e-14 
-2.662167e-01 
-2.651940e-01 
-1.520312e-14 
2.662167e-01 
-5.555740e-01 
-2.131628e-14 
-2.662167e-01 
-2.916355e-01 
-1.685249e-13 
2.662167e-01 
-6.109682e-01 
3.014256e-14 
-2.662167e-01 
-3.054841e-01 
-1.303818e-14 
2.662167e-01 
-6.109682e-01 
-6.927792e-14 
-2.662167e-01 
-2.916355e-01 
-1.867881e-13 
2.662167e-01 
-5.555740e-01 
-1.104117e-13 
-2.662167e-01 
-2.651940e-01 
-1.261491e-14 
2.662167e-01 
-5.052022e-01 
9.547918e-15 
-2.662167e-01 
-2.411499e-01 
2.257985e-13 
2.662167e-01 
-4.593974e-01 
-1.394995e-13 
-1.144321e+00 
-1.097391e+00 
1.603440e-13 
7.286054e+00 
6.602092e+00 
-2.896572e-13 
-7.771561e-14 
-8.965051e-14 
9.751996e+00 
8.847432e+00 
-4.128244e-01 
2.797689e-01 
7.072815e-02 
-2.997602e-13 
-1.583400e+00 
-1.408949e+00 
-4.810596e-13 
4.257778e-01 
-5.265242e-01 
4.125172e-15 
-4.963044e-15 
-1.072059e-15 
-5.198064e-13 
-4.257778e-01 
-2.763865e-01 
-2.202682e-13 
4.257778e-01 
-5.790220e-01 
2.046974e-16 
-4.305584e-15 
1.975850e-15 
3.409495e-13 
-4.257778e-01 
-3.039440e-01 
-9.010848e-14 
4.257778e-01 
-6.367541e-01 
1.700029e-15 
-5.169476e-15 
5.360296e-16 
4.501954e-13 
-4.257778e-01 
-3.342491e-01 
4.101303e-13 
4.257778e-01 
-7.002424e-01 
2.903927e-15 
-4.954370e-15 
-5.100087e-16 
2.086109e-13 
-4.257778e-01 
-3.501212e-01 
3.698292e-13 
4.257778e-01 
-7.002424e-01 
2.626371e-15 
-6.068063e-15 
-3.989864e-17 
2.103873e-13 
-4.257778e-01 
-3.342491e-01 
4.091588e-13 
4.257778e-01 
-6.367541e-01 
2.813721e-15 
-5.943163e-15 
1.483189e-15 
5.496714e-13 
-4.257778e-01 
-3.039440e-01 
1.931788e-14 
4.257778e-01 
-5.790220e-01 
4.041906e-15 
-5.218048e-15 
-3.781697e-16 
3.502754e-13 
-4.257778e-01 
-2.763865e-01 
-3.205214e-13 
4.257778e-01 
-5.265242e-01 
1.745132e-15 
-5.153863e-15 
1.283695e-16 
-5.297984e-13 
-1.583400e+00 
-1.408949e+00 
-4.309608e-13 
9.751996e+00 
8.847432e+00 
3.855089e-01 
2.524533e-01 
-8.893852e-02 
-4.010126e-13 
-1.005862e-13 
-2.838512e-01 
-4.338776e-01 
-8.798517e-14 
6.578931e-01 
3.224899e-01 
-5.995204e-14 
-1.879239e-01 
-2.003043e-01 
9.997558e-14 
1.064444e-01 
-2.517874e-01 
1.998401e-14 
-1.064444e-01 
-1.306723e-01 
-2.980949e-14 
1.064444e-01 
-2.768921e-01 
0.000000e+00 
-1.064444e-01 
-1.437012e-01 
7.324696e-14 
1.064444e-01 
-3.045000e-01 
1.998401e-14 
-1.064444e-01 
-1.580291e-01 
-2.117750e-14 
1.064444e-01 
-3.348606e-01 
-5.995204e-14 
-1.064444e-01 
-1.674303e-01 
-3.361200e-14 
1.064444e-01 
-3.348606e-01 
-5.018208e-14 
-1.064444e-01 
-1.616512e-01 
-3.022582e-14 
1.064444e-01 
-3.045000e-01 
2.997602e-14 
-1.064444e-01 
-1.469949e-01 
5.501155e-14 
1.064444e-01 
-2.768921e-01 
7.993606e-14 
-1.064444e-01 
-1.336674e-01 
-4.879430e-14 
1.064444e-01 
-2.517874e-01 
2.020606e-14 
-1.879239e-01 
-2.030278e-01 
-1.004752e-14 
6.578931e-01 
3.224899e-01 
5.018208e-14 
-6.031845e-01 
-4.611931e-01 
-2.775558e-14 
